== 1
run,"C:\Users\f090393\Desktop\CodeV_prove\Updated_macro\macro_op_CLAUDIA_improved.seq";GO
1030.000000,6.250000,-0.000473
1029.999993,6.000027,1.749535
1029.999994,6.000024,1.499532
1029.999995,6.000020,1.249529
1029.999996,6.000016,0.999527
1029.999997,6.000012,0.749525
1029.999998,6.000008,0.499524
1029.999999,6.000004,0.249523
1030.000000,6.000000,-0.000477
1030.000001,5.999996,-0.250477
1030.000002,5.999992,-0.500476
1030.000003,5.999988,-0.750475
1030.000004,5.999984,-1.000473
1030.000005,5.999980,-1.250471
1030.000006,5.999976,-1.500468
1030.000007,5.999972,-1.750465
1029.999991,5.750034,2.249539
1029.999992,5.750030,1.999535
1029.999993,5.750026,1.749531
1029.999994,5.750023,1.499528
1029.999995,5.750019,1.249525
1029.999996,5.750015,0.999522
1029.999997,5.750011,0.749521
1029.999998,5.750007,0.499519
1029.999999,5.750004,0.249519
1030.000000,5.750000,-0.000482
1030.000001,5.749996,-0.250481
1030.000002,5.749992,-0.500481
1030.000003,5.749988,-0.750479
1030.000004,5.749985,-1.000478
1030.000005,5.749981,-1.250475
1030.000006,5.749977,-1.500473
1030.000007,5.749973,-1.750469
1030.000008,5.749970,-2.000465
1030.000009,5.749966,-2.250461
1029.999989,5.500040,2.749545
1029.999990,5.500036,2.499540
1029.999991,5.500033,2.249535
1029.999992,5.500029,1.999531
1029.999993,5.500025,1.749527
1029.999994,5.500022,1.499523
1029.999995,5.500018,1.249521
1029.999996,5.500014,0.999518
1029.999997,5.500011,0.749517
1029.999998,5.500007,0.499515
1029.999999,5.500004,0.249514
1030.000000,5.500000,-0.000486
1030.000001,5.499996,-0.250486
1030.000002,5.499993,-0.500485
1030.000003,5.499989,-0.750483
1030.000004,5.499985,-1.000482
1030.000005,5.499982,-1.250479
1030.000006,5.499978,-1.500477
1030.000007,5.499974,-1.750473
1030.000008,5.499971,-2.000469
1030.000009,5.499967,-2.250465
1030.000010,5.499964,-2.500460
1030.000011,5.499960,-2.750455
1029.999987,5.250045,3.249553
1029.999988,5.250041,2.999547
1029.999989,5.250038,2.749541
1029.999990,5.250035,2.499536
1029.999991,5.250031,2.249531
1029.999992,5.250028,1.999527
1029.999993,5.250024,1.749523
1029.999994,5.250021,1.499520
1029.999995,5.250017,1.249517
1029.999996,5.250014,0.999514
1029.999997,5.250010,0.749513
1029.999998,5.250007,0.499511
1029.999999,5.250003,0.249511
1030.000000,5.250000,-0.000490
1030.000001,5.249996,-0.250489
1030.000002,5.249993,-0.500489
1030.000003,5.249989,-0.750487
1030.000004,5.249986,-1.000486
1030.000005,5.249982,-1.250483
1030.000006,5.249979,-1.500480
1030.000007,5.249976,-1.750477
1030.000008,5.249972,-2.000473
1030.000009,5.249969,-2.250469
1030.000010,5.249965,-2.500464
1030.000011,5.249962,-2.750459
1030.000012,5.249958,-3.000453
1030.000012,5.249955,-3.250447
1029.999986,5.000049,3.749564
1029.999987,5.000046,3.499557
1029.999987,5.000043,3.249550
1029.999988,5.000040,2.999543
1029.999989,5.000036,2.749538
1029.999990,5.000033,2.499532
1029.999991,5.000030,2.249527
1029.999992,5.000026,1.999523
1029.999993,5.000023,1.749519
1029.999994,5.000020,1.499516
1029.999995,5.000017,1.249513
1029.999996,5.000013,0.999511
1029.999997,5.000010,0.749509
1029.999998,5.000007,0.499508
1029.999999,5.000003,0.249507
1030.000000,5.000000,-0.000493
1030.000001,4.999997,-0.250493
1030.000002,4.999993,-0.500492
1030.000003,4.999990,-0.750491
1030.000004,4.999987,-1.000489
1030.000005,4.999983,-1.250487
1030.000006,4.999980,-1.500484
1030.000007,4.999977,-1.750481
1030.000008,4.999973,-2.000477
1030.000009,4.999970,-2.250473
1030.000010,4.999967,-2.500468
1030.000011,4.999964,-2.750462
1030.000012,4.999960,-3.000457
1030.000012,4.999957,-3.250450
1030.000013,4.999954,-3.500443
1030.000014,4.999951,-3.750436
1029.999985,4.750050,3.999568
1029.999986,4.750047,3.749561
1029.999987,4.750044,3.499553
1029.999987,4.750041,3.249546
1029.999988,4.750038,2.999540
1029.999989,4.750035,2.749534
1029.999990,4.750031,2.499529
1029.999991,4.750028,2.249524
1029.999992,4.750025,1.999520
1029.999993,4.750022,1.749516
1029.999994,4.750019,1.499512
1029.999995,4.750016,1.249509
1029.999996,4.750013,0.999507
1029.999997,4.750009,0.749505
1029.999998,4.750006,0.499504
1029.999999,4.750003,0.249503
1030.000000,4.750000,-0.000497
1030.000001,4.749997,-0.250497
1030.000002,4.749994,-0.500496
1030.000003,4.749990,-0.750495
1030.000004,4.749987,-1.000493
1030.000005,4.749984,-1.250491
1030.000006,4.749981,-1.500488
1030.000007,4.749978,-1.750484
1030.000008,4.749975,-2.000480
1030.000009,4.749971,-2.250476
1030.000010,4.749968,-2.500471
1030.000011,4.749965,-2.750466
1030.000012,4.749962,-3.000460
1030.000012,4.749959,-3.250454
1030.000013,4.749956,-3.500447
1030.000014,4.749953,-3.750440
1030.000015,4.749950,-4.000432
1029.999984,4.500050,4.249573
1029.999985,4.500047,3.999565
1029.999986,4.500044,3.749557
1029.999986,4.500042,3.499550
1029.999987,4.500039,3.249543
1029.999988,4.500036,2.999537
1029.999989,4.500033,2.749531
1029.999990,4.500030,2.499525
1029.999991,4.500027,2.249521
1029.999992,4.500024,1.999516
1029.999993,4.500021,1.749512
1029.999994,4.500018,1.499509
1029.999995,4.500015,1.249506
1029.999996,4.500012,0.999504
1029.999997,4.500009,0.749502
1029.999998,4.500006,0.499501
1029.999999,4.500003,0.249500
1030.000000,4.500000,-0.000500
1030.000001,4.499997,-0.250500
1030.000002,4.499994,-0.500499
1030.000003,4.499991,-0.750498
1030.000004,4.499988,-1.000496
1030.000005,4.499985,-1.250494
1030.000006,4.499982,-1.500491
1030.000007,4.499979,-1.750488
1030.000008,4.499976,-2.000484
1030.000009,4.499973,-2.250479
1030.000010,4.499970,-2.500475
1030.000011,4.499967,-2.750469
1030.000012,4.499964,-3.000463
1030.000013,4.499961,-3.250457
1030.000013,4.499958,-3.500450
1030.000014,4.499955,-3.750443
1030.000015,4.499952,-4.000435
1030.000016,4.499950,-4.250427
1029.999983,4.250050,4.499579
1029.999984,4.250047,4.249570
1029.999985,4.250045,3.999562
1029.999986,4.250042,3.749554
1029.999986,4.250039,3.499547
1029.999987,4.250037,3.249540
1029.999988,4.250034,2.999534
1029.999989,4.250031,2.749528
1029.999990,4.250028,2.499522
1029.999991,4.250026,2.249517
1029.999992,4.250023,1.999513
1029.999993,4.250020,1.749509
1029.999994,4.250017,1.499506
1029.999995,4.250014,1.249503
1029.999996,4.250011,0.999501
1029.999997,4.250008,0.749499
1029.999998,4.250006,0.499497
1029.999999,4.250003,0.249497
1030.000000,4.250000,-0.000504
1030.000001,4.249997,-0.250503
1030.000002,4.249994,-0.500503
1030.000003,4.249991,-0.750501
1030.000004,4.249988,-1.000499
1030.000005,4.249986,-1.250497
1030.000006,4.249983,-1.500494
1030.000007,4.249980,-1.750491
1030.000008,4.249977,-2.000487
1030.000009,4.249974,-2.250483
1030.000010,4.249971,-2.500478
1030.000011,4.249969,-2.750472
1030.000012,4.249966,-3.000466
1030.000013,4.249963,-3.250460
1030.000013,4.249960,-3.500453
1030.000014,4.249958,-3.750446
1030.000015,4.249955,-4.000438
1030.000016,4.249952,-4.250430
1030.000017,4.249950,-4.500421
1029.999982,4.000050,4.749586
1029.999983,4.000047,4.499576
1029.999984,4.000045,4.249567
1029.999985,4.000042,3.999559
1029.999986,4.000040,3.749551
1029.999986,4.000037,3.499544
1029.999987,4.000035,3.249537
1029.999988,4.000032,2.999531
1029.999989,4.000029,2.749525
1029.999990,4.000027,2.499519
1029.999991,4.000024,2.249514
1029.999992,4.000021,1.999510
1029.999993,4.000019,1.749506
1029.999994,4.000016,1.499503
1029.999995,4.000013,1.249500
1029.999996,4.000011,0.999497
1029.999997,4.000008,0.749496
1029.999998,4.000005,0.499494
1029.999999,4.000003,0.249494
1030.000000,4.000000,-0.000507
1030.000001,3.999997,-0.250506
1030.000002,3.999994,-0.500506
1030.000003,3.999992,-0.750504
1030.000004,3.999989,-1.000503
1030.000005,3.999986,-1.250500
1030.000006,3.999984,-1.500497
1030.000007,3.999981,-1.750494
1030.000008,3.999978,-2.000490
1030.000009,3.999976,-2.250486
1030.000010,3.999973,-2.500481
1030.000011,3.999970,-2.750475
1030.000012,3.999968,-3.000469
1030.000013,3.999965,-3.250463
1030.000013,3.999963,-3.500456
1030.000014,3.999960,-3.750449
1030.000015,3.999958,-4.000441
1030.000016,3.999955,-4.250433
1030.000017,3.999953,-4.500424
1030.000018,3.999950,-4.750415
1029.999981,3.750049,4.999593
1029.999982,3.750047,4.749583
1029.999983,3.750044,4.499574
1029.999984,3.750042,4.249565
1029.999985,3.750040,3.999556
1029.999985,3.750037,3.749549
1029.999986,3.750035,3.499541
1029.999987,3.750033,3.249534
1029.999988,3.750030,2.999528
1029.999989,3.750028,2.749522
1029.999990,3.750025,2.499516
1029.999991,3.750023,2.249512
1029.999992,3.750020,1.999507
1029.999993,3.750018,1.749503
1029.999994,3.750015,1.499500
1029.999995,3.750013,1.249497
1029.999996,3.750010,0.999495
1029.999997,3.750008,0.749493
1029.999998,3.750005,0.499491
1029.999999,3.750002,0.249491
1030.000000,3.750000,-0.000510
1030.000001,3.749997,-0.250509
1030.000002,3.749995,-0.500509
1030.000003,3.749992,-0.750507
1030.000004,3.749990,-1.000505
1030.000005,3.749987,-1.250503
1030.000006,3.749985,-1.500500
1030.000007,3.749982,-1.750497
1030.000008,3.749980,-2.000493
1030.000009,3.749977,-2.250488
1030.000010,3.749975,-2.500484
1030.000011,3.749972,-2.750478
1030.000012,3.749970,-3.000472
1030.000013,3.749967,-3.250466
1030.000014,3.749965,-3.500459
1030.000014,3.749962,-3.750451
1030.000015,3.749960,-4.000444
1030.000016,3.749958,-4.250435
1030.000017,3.749955,-4.500426
1030.000018,3.749953,-4.750417
1030.000019,3.749951,-5.000407
1029.999981,3.500046,4.999590
1029.999982,3.500044,4.749580
1029.999983,3.500042,4.499571
1029.999984,3.500039,4.249562
1029.999985,3.500037,3.999554
1029.999985,3.500035,3.749546
1029.999986,3.500033,3.499539
1029.999987,3.500030,3.249532
1029.999988,3.500028,2.999525
1029.999989,3.500026,2.749519
1029.999990,3.500024,2.499514
1029.999991,3.500021,2.249509
1029.999992,3.500019,1.999504
1029.999993,3.500017,1.749501
1029.999994,3.500014,1.499497
1029.999995,3.500012,1.249494
1029.999996,3.500009,0.999492
1029.999997,3.500007,0.749490
1029.999998,3.500005,0.499489
1029.999999,3.500002,0.249488
1030.000000,3.500000,-0.000512
1030.000001,3.499998,-0.250512
1030.000002,3.499995,-0.500511
1030.000003,3.499993,-0.750510
1030.000004,3.499990,-1.000508
1030.000005,3.499988,-1.250506
1030.000006,3.499986,-1.500503
1030.000007,3.499983,-1.750499
1030.000008,3.499981,-2.000496
1030.000009,3.499979,-2.250491
1030.000010,3.499976,-2.500486
1030.000011,3.499974,-2.750481
1030.000012,3.499972,-3.000475
1030.000013,3.499969,-3.250468
1030.000014,3.499967,-3.500461
1030.000014,3.499965,-3.750454
1030.000015,3.499963,-4.000446
1030.000016,3.499960,-4.250438
1030.000017,3.499958,-4.500429
1030.000018,3.499956,-4.750420
1030.000019,3.499954,-5.000410
1029.999980,3.250045,5.249598
1029.999981,3.250043,4.999588
1029.999982,3.250041,4.749578
1029.999983,3.250039,4.499569
1029.999984,3.250037,4.249560
1029.999985,3.250035,3.999552
1029.999985,3.250033,3.749544
1029.999986,3.250030,3.499536
1029.999987,3.250028,3.249529
1029.999988,3.250026,2.999523
1029.999989,3.250024,2.749517
1029.999990,3.250022,2.499511
1029.999991,3.250020,2.249506
1029.999992,3.250018,1.999502
1029.999993,3.250015,1.749498
1029.999994,3.250013,1.499495
1029.999995,3.250011,1.249492
1029.999996,3.250009,0.999489
1029.999997,3.250007,0.749488
1029.999998,3.250004,0.499486
1029.999999,3.250002,0.249485
1030.000000,3.250000,-0.000515
1030.000001,3.249998,-0.250515
1030.000002,3.249995,-0.500514
1030.000003,3.249993,-0.750512
1030.000004,3.249991,-1.000511
1030.000005,3.249989,-1.250508
1030.000006,3.249987,-1.500505
1030.000007,3.249984,-1.750502
1030.000008,3.249982,-2.000498
1030.000009,3.249980,-2.250494
1030.000010,3.249978,-2.500489
1030.000011,3.249976,-2.750483
1030.000012,3.249974,-3.000477
1030.000013,3.249972,-3.250471
1030.000014,3.249969,-3.500464
1030.000014,3.249967,-3.750456
1030.000015,3.249965,-4.000449
1030.000016,3.249963,-4.250440
1030.000017,3.249961,-4.500431
1030.000018,3.249959,-4.750422
1030.000019,3.249957,-5.000412
1030.000020,3.249955,-5.250402
1029.999980,3.000041,5.249596
1029.999981,3.000040,4.999586
1029.999982,3.000038,4.749576
1029.999983,3.000036,4.499567
1029.999984,3.000034,4.249558
1029.999985,3.000032,3.999549
1029.999985,3.000030,3.749541
1029.999986,3.000028,3.499534
1029.999987,3.000026,3.249527
1029.999988,3.000024,2.999521
1029.999989,3.000022,2.749515
1029.999990,3.000020,2.499509
1029.999991,3.000018,2.249504
1029.999992,3.000016,1.999500
1029.999993,3.000014,1.749496
1029.999994,3.000012,1.499492
1029.999995,3.000010,1.249489
1029.999996,3.000008,0.999487
1029.999997,3.000006,0.749485
1029.999998,3.000004,0.499484
1029.999999,3.000002,0.249483
1030.000000,3.000000,-0.000517
1030.000001,2.999998,-0.250517
1030.000002,2.999996,-0.500516
1030.000003,2.999994,-0.750515
1030.000004,2.999992,-1.000513
1030.000005,2.999990,-1.250511
1030.000006,2.999988,-1.500508
1030.000007,2.999986,-1.750504
1030.000008,2.999984,-2.000500
1030.000009,2.999982,-2.250496
1030.000010,2.999980,-2.500491
1030.000011,2.999978,-2.750485
1030.000012,2.999976,-3.000479
1030.000013,2.999974,-3.250473
1030.000014,2.999972,-3.500466
1030.000015,2.999970,-3.750459
1030.000015,2.999968,-4.000451
1030.000016,2.999966,-4.250442
1030.000017,2.999964,-4.500433
1030.000018,2.999962,-4.750424
1030.000019,2.999960,-5.000414
1030.000020,2.999958,-5.250404
1029.999979,2.750040,5.499605
1029.999980,2.750038,5.249594
1029.999981,2.750036,4.999584
1029.999982,2.750035,4.749574
1029.999983,2.750033,4.499565
1029.999984,2.750031,4.249556
1029.999984,2.750029,3.999547
1029.999985,2.750028,3.749539
1029.999986,2.750026,3.499532
1029.999987,2.750024,3.249525
1029.999988,2.750022,2.999518
1029.999989,2.750020,2.749512
1029.999990,2.750019,2.499507
1029.999991,2.750017,2.249502
1029.999992,2.750015,1.999498
1029.999993,2.750013,1.749494
1029.999994,2.750011,1.499490
1029.999995,2.750009,1.249487
1029.999996,2.750007,0.999485
1029.999997,2.750006,0.749483
1029.999998,2.750004,0.499482
1029.999999,2.750002,0.249481
1030.000000,2.750000,-0.000519
1030.000001,2.749998,-0.250519
1030.000002,2.749996,-0.500518
1030.000003,2.749994,-0.750517
1030.000004,2.749992,-1.000515
1030.000005,2.749991,-1.250513
1030.000006,2.749989,-1.500510
1030.000007,2.749987,-1.750506
1030.000008,2.749985,-2.000502
1030.000009,2.749983,-2.250498
1030.000010,2.749981,-2.500493
1030.000011,2.749979,-2.750488
1030.000012,2.749978,-3.000482
1030.000013,2.749976,-3.250475
1030.000014,2.749974,-3.500468
1030.000015,2.749972,-3.750461
1030.000015,2.749970,-4.000453
1030.000016,2.749969,-4.250444
1030.000017,2.749967,-4.500435
1030.000018,2.749965,-4.750426
1030.000019,2.749964,-5.000416
1030.000020,2.749962,-5.250406
1030.000021,2.749960,-5.500395
1029.999979,2.500036,5.499603
1029.999980,2.500035,5.249592
1029.999981,2.500033,4.999582
1029.999982,2.500032,4.749572
1029.999983,2.500030,4.499563
1029.999984,2.500028,4.249554
1029.999984,2.500027,3.999545
1029.999985,2.500025,3.749538
1029.999986,2.500024,3.499530
1029.999987,2.500022,3.249523
1029.999988,2.500020,2.999517
1029.999989,2.500019,2.749511
1029.999990,2.500017,2.499505
1029.999991,2.500015,2.249500
1029.999992,2.500014,1.999496
1029.999993,2.500012,1.749492
1029.999994,2.500010,1.499488
1029.999995,2.500008,1.249485
1029.999996,2.500007,0.999483
1029.999997,2.500005,0.749481
1029.999998,2.500003,0.499480
1029.999999,2.500002,0.249479
1030.000000,2.500000,-0.000521
1030.000001,2.499998,-0.250521
1030.000002,2.499997,-0.500520
1030.000003,2.499995,-0.750519
1030.000004,2.499993,-1.000517
1030.000005,2.499991,-1.250515
1030.000006,2.499990,-1.500512
1030.000007,2.499988,-1.750508
1030.000008,2.499986,-2.000504
1030.000009,2.499985,-2.250500
1030.000010,2.499983,-2.500495
1030.000011,2.499981,-2.750489
1030.000012,2.499980,-3.000483
1030.000013,2.499978,-3.250477
1030.000014,2.499976,-3.500470
1030.000015,2.499975,-3.750463
1030.000015,2.499973,-4.000455
1030.000016,2.499972,-4.250446
1030.000017,2.499970,-4.500437
1030.000018,2.499968,-4.750428
1030.000019,2.499967,-5.000418
1030.000020,2.499965,-5.250408
1030.000021,2.499964,-5.500397
1029.999978,2.250034,5.749613
1029.999979,2.250033,5.499601
1029.999980,2.250031,5.249591
1029.999981,2.250030,4.999580
1029.999982,2.250028,4.749571
1029.999983,2.250027,4.499561
1029.999984,2.250026,4.249552
1029.999984,2.250024,3.999544
1029.999985,2.250023,3.749536
1029.999986,2.250021,3.499528
1029.999987,2.250020,3.249521
1029.999988,2.250018,2.999515
1029.999989,2.250017,2.749509
1029.999990,2.250015,2.499503
1029.999991,2.250014,2.249498
1029.999992,2.250012,1.999494
1029.999993,2.250011,1.749490
1029.999994,2.250009,1.499487
1029.999995,2.250008,1.249484
1029.999996,2.250006,0.999481
1029.999997,2.250005,0.749479
1029.999998,2.250003,0.499478
1029.999999,2.250001,0.249477
1030.000000,2.250000,-0.000523
1030.000001,2.249998,-0.250523
1030.000002,2.249997,-0.500522
1030.000003,2.249995,-0.750521
1030.000004,2.249994,-1.000519
1030.000005,2.249992,-1.250516
1030.000006,2.249991,-1.500514
1030.000007,2.249989,-1.750510
1030.000008,2.249988,-2.000506
1030.000009,2.249986,-2.250502
1030.000010,2.249985,-2.500497
1030.000011,2.249983,-2.750491
1030.000012,2.249982,-3.000485
1030.000013,2.249980,-3.250479
1030.000014,2.249979,-3.500472
1030.000015,2.249977,-3.750464
1030.000015,2.249976,-4.000456
1030.000016,2.249974,-4.250448
1030.000017,2.249973,-4.500439
1030.000018,2.249971,-4.750430
1030.000019,2.249970,-5.000420
1030.000020,2.249969,-5.250409
1030.000021,2.249967,-5.500399
1030.000022,2.249966,-5.750388
1029.999978,2.000030,5.749611
1029.999979,2.000029,5.499600
1029.999980,2.000028,5.249589
1029.999981,2.000027,4.999579
1029.999982,2.000025,4.749569
1029.999983,2.000024,4.499560
1029.999984,2.000023,4.249551
1029.999984,2.000021,3.999542
1029.999985,2.000020,3.749534
1029.999986,2.000019,3.499527
1029.999987,2.000018,3.249520
1029.999988,2.000016,2.999513
1029.999989,2.000015,2.749507
1029.999990,2.000014,2.499502
1029.999991,2.000012,2.249497
1029.999992,2.000011,1.999492
1029.999993,2.000010,1.749488
1029.999994,2.000008,1.499485
1029.999995,2.000007,1.249482
1029.999996,2.000005,0.999480
1029.999997,2.000004,0.749478
1029.999998,2.000003,0.499476
1029.999999,2.000001,0.249476
1030.000000,2.000000,-0.000525
1030.000001,1.999999,-0.250524
1030.000002,1.999997,-0.500524
1030.000003,1.999996,-0.750522
1030.000004,1.999994,-1.000520
1030.000005,1.999993,-1.250518
1030.000006,1.999992,-1.500515
1030.000007,1.999990,-1.750512
1030.000008,1.999989,-2.000508
1030.000009,1.999988,-2.250503
1030.000010,1.999986,-2.500498
1030.000011,1.999985,-2.750493
1030.000012,1.999984,-3.000487
1030.000013,1.999982,-3.250480
1030.000014,1.999981,-3.500473
1030.000015,1.999980,-3.750466
1030.000015,1.999978,-4.000458
1030.000016,1.999977,-4.250449
1030.000017,1.999976,-4.500440
1030.000018,1.999975,-4.750431
1030.000019,1.999973,-5.000421
1030.000020,1.999972,-5.250411
1030.000021,1.999971,-5.500400
1030.000022,1.999970,-5.750389
1029.999977,1.750028,5.999621
1029.999978,1.750026,5.749610
1029.999979,1.750025,5.499599
1029.999980,1.750024,5.249588
1029.999981,1.750023,4.999578
1029.999982,1.750022,4.749568
1029.999983,1.750021,4.499558
1029.999984,1.750020,4.249549
1029.999984,1.750019,3.999541
1029.999985,1.750018,3.749533
1029.999986,1.750017,3.499525
1029.999987,1.750015,3.249518
1029.999988,1.750014,2.999512
1029.999989,1.750013,2.749506
1029.999990,1.750012,2.499500
1029.999991,1.750011,2.249495
1029.999992,1.750010,1.999491
1029.999993,1.750008,1.749487
1029.999994,1.750007,1.499484
1029.999995,1.750006,1.249481
1029.999996,1.750005,0.999478
1029.999997,1.750004,0.749476
1029.999998,1.750002,0.499475
1029.999999,1.750001,0.249474
1030.000000,1.750000,-0.000526
1030.000001,1.749999,-0.250526
1030.000002,1.749998,-0.500525
1030.000003,1.749996,-0.750524
1030.000004,1.749995,-1.000522
1030.000005,1.749994,-1.250519
1030.000006,1.749993,-1.500516
1030.000007,1.749992,-1.750513
1030.000008,1.749990,-2.000509
1030.000009,1.749989,-2.250505
1030.000010,1.749988,-2.500500
1030.000011,1.749987,-2.750494
1030.000012,1.749986,-3.000488
1030.000013,1.749985,-3.250482
1030.000014,1.749983,-3.500475
1030.000015,1.749982,-3.750467
1030.000016,1.749981,-4.000459
1030.000016,1.749980,-4.250451
1030.000017,1.749979,-4.500442
1030.000018,1.749978,-4.750432
1030.000019,1.749977,-5.000422
1030.000020,1.749976,-5.250412
1030.000021,1.749975,-5.500401
1030.000022,1.749973,-5.750390
1030.000023,1.749972,-6.000379
1029.999977,1.500024,5.999620
1029.999978,1.500023,5.749609
1029.999979,1.500022,5.499598
1029.999980,1.500021,5.249587
1029.999981,1.500020,4.999577
1029.999982,1.500019,4.749567
1029.999983,1.500018,4.499557
1029.999983,1.500017,4.249548
1029.999984,1.500016,3.999540
1029.999985,1.500015,3.749532
1029.999986,1.500014,3.499524
1029.999987,1.500013,3.249517
1029.999988,1.500012,2.999511
1029.999989,1.500011,2.749505
1029.999990,1.500010,2.499499
1029.999991,1.500009,2.249494
1029.999992,1.500008,1.999490
1029.999993,1.500007,1.749486
1029.999994,1.500006,1.499482
1029.999995,1.500005,1.249479
1029.999996,1.500004,0.999477
1029.999997,1.500003,0.749475
1029.999998,1.500002,0.499474
1029.999999,1.500001,0.249473
1030.000000,1.500000,-0.000527
1030.000001,1.499999,-0.250527
1030.000002,1.499998,-0.500526
1030.000003,1.499997,-0.750525
1030.000004,1.499996,-1.000523
1030.000005,1.499995,-1.250521
1030.000006,1.499994,-1.500518
1030.000007,1.499993,-1.750514
1030.000008,1.499992,-2.000510
1030.000009,1.499991,-2.250506
1030.000010,1.499990,-2.500501
1030.000011,1.499989,-2.750495
1030.000012,1.499988,-3.000489
1030.000013,1.499987,-3.250483
1030.000014,1.499986,-3.500476
1030.000015,1.499985,-3.750468
1030.000016,1.499984,-4.000460
1030.000016,1.499983,-4.250452
1030.000017,1.499982,-4.500443
1030.000018,1.499981,-4.750433
1030.000019,1.499980,-5.000424
1030.000020,1.499979,-5.250413
1030.000021,1.499978,-5.500402
1030.000022,1.499977,-5.750391
1030.000023,1.499976,-6.000380
1029.999977,1.250020,5.999620
1029.999978,1.250019,5.749608
1029.999979,1.250018,5.499597
1029.999980,1.250017,5.249586
1029.999981,1.250017,4.999576
1029.999982,1.250016,4.749566
1029.999983,1.250015,4.499556
1029.999983,1.250014,4.249547
1029.999984,1.250013,3.999539
1029.999985,1.250013,3.749531
1029.999986,1.250012,3.499523
1029.999987,1.250011,3.249516
1029.999988,1.250010,2.999510
1029.999989,1.250009,2.749504
1029.999990,1.250009,2.499498
1029.999991,1.250008,2.249493
1029.999992,1.250007,1.999489
1029.999993,1.250006,1.749485
1029.999994,1.250005,1.499481
1029.999995,1.250004,1.249478
1029.999996,1.250003,0.999476
1029.999997,1.250003,0.749474
1029.999998,1.250002,0.499473
1029.999999,1.250001,0.249472
1030.000000,1.250000,-0.000528
1030.000001,1.249999,-0.250528
1030.000002,1.249998,-0.500527
1030.000003,1.249997,-0.750526
1030.000004,1.249997,-1.000524
1030.000005,1.249996,-1.250522
1030.000006,1.249995,-1.500519
1030.000007,1.249994,-1.750515
1030.000008,1.249993,-2.000511
1030.000009,1.249992,-2.250507
1030.000010,1.249991,-2.500502
1030.000011,1.249991,-2.750496
1030.000012,1.249990,-3.000490
1030.000013,1.249989,-3.250484
1030.000014,1.249988,-3.500477
1030.000015,1.249987,-3.750469
1030.000016,1.249986,-4.000461
1030.000016,1.249986,-4.250453
1030.000017,1.249985,-4.500444
1030.000018,1.249984,-4.750434
1030.000019,1.249983,-5.000425
1030.000020,1.249983,-5.250414
1030.000021,1.249982,-5.500403
1030.000022,1.249981,-5.750392
1030.000023,1.249980,-6.000381
1029.999977,1.000016,5.999619
1029.999978,1.000015,5.749607
1029.999979,1.000015,5.499596
1029.999980,1.000014,5.249585
1029.999981,1.000013,4.999575
1029.999982,1.000013,4.749565
1029.999983,1.000012,4.499555
1029.999983,1.000011,4.249547
1029.999984,1.000011,3.999538
1029.999985,1.000010,3.749530
1029.999986,1.000009,3.499522
1029.999987,1.000009,3.249515
1029.999988,1.000008,2.999509
1029.999989,1.000007,2.749503
1029.999990,1.000007,2.499497
1029.999991,1.000006,2.249492
1029.999992,1.000005,1.999488
1029.999993,1.000005,1.749484
1029.999994,1.000004,1.499480
1029.999995,1.000003,1.249478
1029.999996,1.000003,0.999475
1029.999997,1.000002,0.749473
1029.999998,1.000001,0.499472
1029.999999,1.000001,0.249471
1030.000000,1.000000,-0.000529
1030.000001,0.999999,-0.250529
1030.000002,0.999999,-0.500528
1030.000003,0.999998,-0.750527
1030.000004,0.999997,-1.000525
1030.000005,0.999997,-1.250522
1030.000006,0.999996,-1.500520
1030.000007,0.999995,-1.750516
1030.000008,0.999994,-2.000512
1030.000009,0.999994,-2.250508
1030.000010,0.999993,-2.500503
1030.000011,0.999992,-2.750497
1030.000012,0.999992,-3.000491
1030.000013,0.999991,-3.250485
1030.000014,0.999990,-3.500478
1030.000015,0.999990,-3.750470
1030.000016,0.999989,-4.000462
1030.000016,0.999989,-4.250454
1030.000017,0.999988,-4.500445
1030.000018,0.999987,-4.750435
1030.000019,0.999987,-5.000425
1030.000020,0.999986,-5.250415
1030.000021,0.999985,-5.500404
1030.000022,0.999985,-5.750393
1030.000023,0.999984,-6.000381
1029.999977,0.750012,5.999618
1029.999978,0.750011,5.749607
1029.999979,0.750011,5.499595
1029.999980,0.750010,5.249585
1029.999981,0.750010,4.999574
1029.999982,0.750010,4.749564
1029.999983,0.750009,4.499555
1029.999983,0.750009,4.249546
1029.999984,0.750008,3.999537
1029.999985,0.750008,3.749529
1029.999986,0.750007,3.499522
1029.999987,0.750007,3.249515
1029.999988,0.750006,2.999508
1029.999989,0.750006,2.749502
1029.999990,0.750005,2.499497
1029.999991,0.750005,2.249492
1029.999992,0.750004,1.999487
1029.999993,0.750004,1.749483
1029.999994,0.750003,1.499480
1029.999995,0.750003,1.249477
1029.999996,0.750002,0.999474
1029.999997,0.750002,0.749473
1029.999998,0.750001,0.499471
1029.999999,0.750000,0.249470
1030.000000,0.750000,-0.000530
1030.000001,0.749999,-0.250530
1030.000002,0.749999,-0.500529
1030.000003,0.749998,-0.750527
1030.000004,0.749998,-1.000526
1030.000005,0.749997,-1.250523
1030.000006,0.749997,-1.500520
1030.000007,0.749996,-1.750517
1030.000008,0.749996,-2.000513
1030.000009,0.749995,-2.250508
1030.000010,0.749995,-2.500503
1030.000011,0.749994,-2.750498
1030.000012,0.749994,-3.000492
1030.000013,0.749993,-3.250485
1030.000014,0.749993,-3.500478
1030.000015,0.749992,-3.750471
1030.000016,0.749992,-4.000463
1030.000016,0.749991,-4.250454
1030.000017,0.749991,-4.500445
1030.000018,0.749990,-4.750436
1030.000019,0.749990,-5.000426
1030.000020,0.749990,-5.250416
1030.000021,0.749989,-5.500405
1030.000022,0.749989,-5.750394
1030.000023,0.749988,-6.000382
1029.999977,0.500008,5.999618
1029.999978,0.500008,5.749606
1029.999979,0.500007,5.499595
1029.999980,0.500007,5.249584
1029.999981,0.500007,4.999574
1029.999982,0.500006,4.749564
1029.999983,0.500006,4.499554
1029.999983,0.500006,4.249545
1029.999984,0.500005,3.999537
1029.999985,0.500005,3.749529
1029.999986,0.500005,3.499521
1029.999987,0.500004,3.249514
1029.999988,0.500004,2.999508
1029.999989,0.500004,2.749502
1029.999990,0.500003,2.499496
1029.999991,0.500003,2.249491
1029.999992,0.500003,1.999487
1029.999993,0.500002,1.749483
1029.999994,0.500002,1.499479
1029.999995,0.500002,1.249476
1029.999996,0.500001,0.999474
1029.999997,0.500001,0.749472
1029.999998,0.500001,0.499471
1029.999999,0.500000,0.249470
1030.000000,0.500000,-0.000530
1030.000001,0.500000,-0.250530
1030.000002,0.499999,-0.500529
1030.000003,0.499999,-0.750528
1030.000004,0.499999,-1.000526
1030.000005,0.499998,-1.250524
1030.000006,0.499998,-1.500521
1030.000007,0.499998,-1.750517
1030.000008,0.499997,-2.000513
1030.000009,0.499997,-2.250509
1030.000010,0.499997,-2.500504
1030.000011,0.499996,-2.750498
1030.000012,0.499996,-3.000492
1030.000013,0.499996,-3.250486
1030.000014,0.499995,-3.500479
1030.000015,0.499995,-3.750471
1030.000016,0.499995,-4.000463
1030.000016,0.499994,-4.250455
1030.000017,0.499994,-4.500446
1030.000018,0.499994,-4.750436
1030.000019,0.499993,-5.000426
1030.000020,0.499993,-5.250416
1030.000021,0.499993,-5.500405
1030.000022,0.499992,-5.750394
1030.000023,0.499992,-6.000382
1029.999977,0.250004,5.999618
1029.999978,0.250004,5.749606
1029.999979,0.250004,5.499595
1029.999980,0.250003,5.249584
1029.999981,0.250003,4.999573
1029.999982,0.250003,4.749564
1029.999983,0.250003,4.499554
1029.999983,0.250003,4.249545
1029.999984,0.250003,3.999537
1029.999985,0.250003,3.749529
1029.999986,0.250002,3.499521
1029.999987,0.250002,3.249514
1029.999988,0.250002,2.999508
1029.999989,0.250002,2.749502
1029.999990,0.250002,2.499496
1029.999991,0.250002,2.249491
1029.999992,0.250001,1.999486
1029.999993,0.250001,1.749482
1029.999994,0.250001,1.499479
1029.999995,0.250001,1.249476
1029.999996,0.250001,0.999474
1029.999997,0.250001,0.749472
1029.999998,0.250000,0.499470
1029.999999,0.250000,0.249470
1030.000000,0.250000,-0.000531
1030.000001,0.250000,-0.250530
1030.000002,0.250000,-0.500530
1030.000003,0.249999,-0.750528
1030.000004,0.249999,-1.000526
1030.000005,0.249999,-1.250524
1030.000006,0.249999,-1.500521
1030.000007,0.249999,-1.750518
1030.000008,0.249999,-2.000514
1030.000009,0.249998,-2.250509
1030.000010,0.249998,-2.500504
1030.000011,0.249998,-2.750499
1030.000012,0.249998,-3.000492
1030.000013,0.249998,-3.250486
1030.000014,0.249998,-3.500479
1030.000015,0.249997,-3.750471
1030.000016,0.249997,-4.000463
1030.000016,0.249997,-4.250455
1030.000017,0.249997,-4.500446
1030.000018,0.249997,-4.750436
1030.000019,0.249997,-5.000427
1030.000020,0.249996,-5.250416
1030.000021,0.249996,-5.500405
1030.000022,0.249996,-5.750394
1030.000023,0.249996,-6.000383
1029.999976,0.000000,6.249630
1029.999977,0.000000,5.999617
1029.999978,0.000000,5.749606
1029.999979,0.000000,5.499595
1029.999980,0.000000,5.249584
1029.999981,0.000000,4.999573
1029.999982,0.000000,4.749564
1029.999983,0.000000,4.499554
1029.999983,0.000000,4.249545
1029.999984,0.000000,3.999537
1029.999985,0.000000,3.749529
1029.999986,0.000000,3.499521
1029.999987,0.000000,3.249514
1029.999988,0.000000,2.999507
1029.999989,0.000000,2.749501
1029.999990,0.000000,2.499496
1029.999991,0.000000,2.249491
1029.999992,0.000000,1.999486
1029.999993,0.000000,1.749482
1029.999994,0.000000,1.499479
1029.999995,0.000000,1.249476
1029.999996,0.000000,0.999474
1029.999997,0.000000,0.749472
1029.999998,0.000000,0.499470
1029.999999,0.000000,0.249470
1030.000000,0.000000,-0.000531
1030.000001,0.000000,-0.250530
1030.000002,0.000000,-0.500530
1030.000003,0.000000,-0.750528
1030.000004,0.000000,-1.000526
1030.000005,0.000000,-1.250524
1030.000006,0.000000,-1.500521
1030.000007,0.000000,-1.750518
1030.000008,0.000000,-2.000514
1030.000009,0.000000,-2.250509
1030.000010,0.000000,-2.500504
1030.000011,0.000000,-2.750499
1030.000012,0.000000,-3.000493
1030.000013,0.000000,-3.250486
1030.000014,0.000000,-3.500479
1030.000015,0.000000,-3.750471
1030.000016,0.000000,-4.000463
1030.000016,0.000000,-4.250455
1030.000017,0.000000,-4.500446
1030.000018,0.000000,-4.750437
1030.000019,0.000000,-5.000427
1030.000020,0.000000,-5.250416
1030.000021,0.000000,-5.500406
1030.000022,0.000000,-5.750394
1030.000023,0.000000,-6.000383
1030.000024,0.000000,-6.250371
1029.999977,-0.250004,5.999618
1029.999978,-0.250004,5.749606
1029.999979,-0.250004,5.499595
1029.999980,-0.250003,5.249584
1029.999981,-0.250003,4.999573
1029.999982,-0.250003,4.749564
1029.999983,-0.250003,4.499554
1029.999983,-0.250003,4.249545
1029.999984,-0.250003,3.999537
1029.999985,-0.250003,3.749529
1029.999986,-0.250002,3.499521
1029.999987,-0.250002,3.249514
1029.999988,-0.250002,2.999508
1029.999989,-0.250002,2.749502
1029.999990,-0.250002,2.499496
1029.999991,-0.250002,2.249491
1029.999992,-0.250001,1.999486
1029.999993,-0.250001,1.749482
1029.999994,-0.250001,1.499479
1029.999995,-0.250001,1.249476
1029.999996,-0.250001,0.999474
1029.999997,-0.250001,0.749472
1029.999998,-0.250000,0.499470
1029.999999,-0.250000,0.249470
1030.000000,-0.250000,-0.000531
1030.000001,-0.250000,-0.250530
1030.000002,-0.250000,-0.500530
1030.000003,-0.249999,-0.750528
1030.000004,-0.249999,-1.000526
1030.000005,-0.249999,-1.250524
1030.000006,-0.249999,-1.500521
1030.000007,-0.249999,-1.750518
1030.000008,-0.249999,-2.000514
1030.000009,-0.249998,-2.250509
1030.000010,-0.249998,-2.500504
1030.000011,-0.249998,-2.750499
1030.000012,-0.249998,-3.000492
1030.000013,-0.249998,-3.250486
1030.000014,-0.249998,-3.500479
1030.000015,-0.249997,-3.750471
1030.000016,-0.249997,-4.000463
1030.000016,-0.249997,-4.250455
1030.000017,-0.249997,-4.500446
1030.000018,-0.249997,-4.750436
1030.000019,-0.249997,-5.000427
1030.000020,-0.249996,-5.250416
1030.000021,-0.249996,-5.500405
1030.000022,-0.249996,-5.750394
1030.000023,-0.249996,-6.000383
1029.999977,-0.500008,5.999618
1029.999978,-0.500008,5.749606
1029.999979,-0.500007,5.499595
1029.999980,-0.500007,5.249584
1029.999981,-0.500007,4.999574
1029.999982,-0.500006,4.749564
1029.999983,-0.500006,4.499554
1029.999983,-0.500006,4.249545
1029.999984,-0.500005,3.999537
1029.999985,-0.500005,3.749529
1029.999986,-0.500005,3.499521
1029.999987,-0.500004,3.249514
1029.999988,-0.500004,2.999508
1029.999989,-0.500004,2.749502
1029.999990,-0.500003,2.499496
1029.999991,-0.500003,2.249491
1029.999992,-0.500003,1.999487
1029.999993,-0.500002,1.749483
1029.999994,-0.500002,1.499479
1029.999995,-0.500002,1.249476
1029.999996,-0.500001,0.999474
1029.999997,-0.500001,0.749472
1029.999998,-0.500001,0.499471
1029.999999,-0.500000,0.249470
1030.000000,-0.500000,-0.000530
1030.000001,-0.500000,-0.250530
1030.000002,-0.499999,-0.500529
1030.000003,-0.499999,-0.750528
1030.000004,-0.499999,-1.000526
1030.000005,-0.499998,-1.250524
1030.000006,-0.499998,-1.500521
1030.000007,-0.499998,-1.750517
1030.000008,-0.499997,-2.000513
1030.000009,-0.499997,-2.250509
1030.000010,-0.499997,-2.500504
1030.000011,-0.499996,-2.750498
1030.000012,-0.499996,-3.000492
1030.000013,-0.499996,-3.250486
1030.000014,-0.499995,-3.500479
1030.000015,-0.499995,-3.750471
1030.000016,-0.499995,-4.000463
1030.000016,-0.499994,-4.250455
1030.000017,-0.499994,-4.500446
1030.000018,-0.499994,-4.750436
1030.000019,-0.499993,-5.000426
1030.000020,-0.499993,-5.250416
1030.000021,-0.499993,-5.500405
1030.000022,-0.499992,-5.750394
1030.000023,-0.499992,-6.000382
1029.999977,-0.750012,5.999618
1029.999978,-0.750011,5.749607
1029.999979,-0.750011,5.499595
1029.999980,-0.750010,5.249585
1029.999981,-0.750010,4.999574
1029.999982,-0.750010,4.749564
1029.999983,-0.750009,4.499555
1029.999983,-0.750009,4.249546
1029.999984,-0.750008,3.999537
1029.999985,-0.750008,3.749529
1029.999986,-0.750007,3.499522
1029.999987,-0.750007,3.249515
1029.999988,-0.750006,2.999508
1029.999989,-0.750006,2.749502
1029.999990,-0.750005,2.499497
1029.999991,-0.750005,2.249492
1029.999992,-0.750004,1.999487
1029.999993,-0.750004,1.749483
1029.999994,-0.750003,1.499480
1029.999995,-0.750003,1.249477
1029.999996,-0.750002,0.999474
1029.999997,-0.750002,0.749473
1029.999998,-0.750001,0.499471
1029.999999,-0.750000,0.249470
1030.000000,-0.750000,-0.000530
1030.000001,-0.749999,-0.250530
1030.000002,-0.749999,-0.500529
1030.000003,-0.749998,-0.750527
1030.000004,-0.749998,-1.000526
1030.000005,-0.749997,-1.250523
1030.000006,-0.749997,-1.500520
1030.000007,-0.749996,-1.750517
1030.000008,-0.749996,-2.000513
1030.000009,-0.749995,-2.250508
1030.000010,-0.749995,-2.500503
1030.000011,-0.749994,-2.750498
1030.000012,-0.749994,-3.000492
1030.000013,-0.749993,-3.250485
1030.000014,-0.749993,-3.500478
1030.000015,-0.749992,-3.750471
1030.000016,-0.749992,-4.000463
1030.000016,-0.749991,-4.250454
1030.000017,-0.749991,-4.500445
1030.000018,-0.749990,-4.750436
1030.000019,-0.749990,-5.000426
1030.000020,-0.749990,-5.250416
1030.000021,-0.749989,-5.500405
1030.000022,-0.749989,-5.750394
1030.000023,-0.749988,-6.000382
1029.999977,-1.000016,5.999619
1029.999978,-1.000015,5.749607
1029.999979,-1.000015,5.499596
1029.999980,-1.000014,5.249585
1029.999981,-1.000013,4.999575
1029.999982,-1.000013,4.749565
1029.999983,-1.000012,4.499555
1029.999983,-1.000011,4.249547
1029.999984,-1.000011,3.999538
1029.999985,-1.000010,3.749530
1029.999986,-1.000009,3.499522
1029.999987,-1.000009,3.249515
1029.999988,-1.000008,2.999509
1029.999989,-1.000007,2.749503
1029.999990,-1.000007,2.499497
1029.999991,-1.000006,2.249492
1029.999992,-1.000005,1.999488
1029.999993,-1.000005,1.749484
1029.999994,-1.000004,1.499480
1029.999995,-1.000003,1.249478
1029.999996,-1.000003,0.999475
1029.999997,-1.000002,0.749473
1029.999998,-1.000001,0.499472
1029.999999,-1.000001,0.249471
1030.000000,-1.000000,-0.000529
1030.000001,-0.999999,-0.250529
1030.000002,-0.999999,-0.500528
1030.000003,-0.999998,-0.750527
1030.000004,-0.999997,-1.000525
1030.000005,-0.999997,-1.250522
1030.000006,-0.999996,-1.500520
1030.000007,-0.999995,-1.750516
1030.000008,-0.999994,-2.000512
1030.000009,-0.999994,-2.250508
1030.000010,-0.999993,-2.500503
1030.000011,-0.999992,-2.750497
1030.000012,-0.999992,-3.000491
1030.000013,-0.999991,-3.250485
1030.000014,-0.999990,-3.500478
1030.000015,-0.999990,-3.750470
1030.000016,-0.999989,-4.000462
1030.000016,-0.999989,-4.250454
1030.000017,-0.999988,-4.500445
1030.000018,-0.999987,-4.750435
1030.000019,-0.999987,-5.000425
1030.000020,-0.999986,-5.250415
1030.000021,-0.999985,-5.500404
1030.000022,-0.999985,-5.750393
1030.000023,-0.999984,-6.000381
1029.999977,-1.250020,5.999620
1029.999978,-1.250019,5.749608
1029.999979,-1.250018,5.499597
1029.999980,-1.250017,5.249586
1029.999981,-1.250017,4.999576
1029.999982,-1.250016,4.749566
1029.999983,-1.250015,4.499556
1029.999983,-1.250014,4.249547
1029.999984,-1.250013,3.999539
1029.999985,-1.250013,3.749531
1029.999986,-1.250012,3.499523
1029.999987,-1.250011,3.249516
1029.999988,-1.250010,2.999510
1029.999989,-1.250009,2.749504
1029.999990,-1.250009,2.499498
1029.999991,-1.250008,2.249493
1029.999992,-1.250007,1.999489
1029.999993,-1.250006,1.749485
1029.999994,-1.250005,1.499481
1029.999995,-1.250004,1.249478
1029.999996,-1.250003,0.999476
1029.999997,-1.250003,0.749474
1029.999998,-1.250002,0.499473
1029.999999,-1.250001,0.249472
1030.000000,-1.250000,-0.000528
1030.000001,-1.249999,-0.250528
1030.000002,-1.249998,-0.500527
1030.000003,-1.249997,-0.750526
1030.000004,-1.249997,-1.000524
1030.000005,-1.249996,-1.250522
1030.000006,-1.249995,-1.500519
1030.000007,-1.249994,-1.750515
1030.000008,-1.249993,-2.000511
1030.000009,-1.249992,-2.250507
1030.000010,-1.249991,-2.500502
1030.000011,-1.249991,-2.750496
1030.000012,-1.249990,-3.000490
1030.000013,-1.249989,-3.250484
1030.000014,-1.249988,-3.500477
1030.000015,-1.249987,-3.750469
1030.000016,-1.249986,-4.000461
1030.000016,-1.249986,-4.250453
1030.000017,-1.249985,-4.500444
1030.000018,-1.249984,-4.750434
1030.000019,-1.249983,-5.000425
1030.000020,-1.249983,-5.250414
1030.000021,-1.249982,-5.500403
1030.000022,-1.249981,-5.750392
1030.000023,-1.249980,-6.000381
1029.999977,-1.500024,5.999620
1029.999978,-1.500023,5.749609
1029.999979,-1.500022,5.499598
1029.999980,-1.500021,5.249587
1029.999981,-1.500020,4.999577
1029.999982,-1.500019,4.749567
1029.999983,-1.500018,4.499557
1029.999983,-1.500017,4.249548
1029.999984,-1.500016,3.999540
1029.999985,-1.500015,3.749532
1029.999986,-1.500014,3.499524
1029.999987,-1.500013,3.249517
1029.999988,-1.500012,2.999511
1029.999989,-1.500011,2.749505
1029.999990,-1.500010,2.499499
1029.999991,-1.500009,2.249494
1029.999992,-1.500008,1.999490
1029.999993,-1.500007,1.749486
1029.999994,-1.500006,1.499482
1029.999995,-1.500005,1.249479
1029.999996,-1.500004,0.999477
1029.999997,-1.500003,0.749475
1029.999998,-1.500002,0.499474
1029.999999,-1.500001,0.249473
1030.000000,-1.500000,-0.000527
1030.000001,-1.499999,-0.250527
1030.000002,-1.499998,-0.500526
1030.000003,-1.499997,-0.750525
1030.000004,-1.499996,-1.000523
1030.000005,-1.499995,-1.250521
1030.000006,-1.499994,-1.500518
1030.000007,-1.499993,-1.750514
1030.000008,-1.499992,-2.000510
1030.000009,-1.499991,-2.250506
1030.000010,-1.499990,-2.500501
1030.000011,-1.499989,-2.750495
1030.000012,-1.499988,-3.000489
1030.000013,-1.499987,-3.250483
1030.000014,-1.499986,-3.500476
1030.000015,-1.499985,-3.750468
1030.000016,-1.499984,-4.000460
1030.000016,-1.499983,-4.250452
1030.000017,-1.499982,-4.500443
1030.000018,-1.499981,-4.750433
1030.000019,-1.499980,-5.000424
1030.000020,-1.499979,-5.250413
1030.000021,-1.499978,-5.500402
1030.000022,-1.499977,-5.750391
1030.000023,-1.499976,-6.000380
1029.999977,-1.750028,5.999621
1029.999978,-1.750026,5.749610
1029.999979,-1.750025,5.499599
1029.999980,-1.750024,5.249588
1029.999981,-1.750023,4.999578
1029.999982,-1.750022,4.749568
1029.999983,-1.750021,4.499558
1029.999984,-1.750020,4.249549
1029.999984,-1.750019,3.999541
1029.999985,-1.750018,3.749533
1029.999986,-1.750017,3.499525
1029.999987,-1.750015,3.249518
1029.999988,-1.750014,2.999512
1029.999989,-1.750013,2.749506
1029.999990,-1.750012,2.499500
1029.999991,-1.750011,2.249495
1029.999992,-1.750010,1.999491
1029.999993,-1.750008,1.749487
1029.999994,-1.750007,1.499484
1029.999995,-1.750006,1.249481
1029.999996,-1.750005,0.999478
1029.999997,-1.750004,0.749476
1029.999998,-1.750002,0.499475
1029.999999,-1.750001,0.249474
1030.000000,-1.750000,-0.000526
1030.000001,-1.749999,-0.250526
1030.000002,-1.749998,-0.500525
1030.000003,-1.749996,-0.750524
1030.000004,-1.749995,-1.000522
1030.000005,-1.749994,-1.250519
1030.000006,-1.749993,-1.500516
1030.000007,-1.749992,-1.750513
1030.000008,-1.749990,-2.000509
1030.000009,-1.749989,-2.250505
1030.000010,-1.749988,-2.500500
1030.000011,-1.749987,-2.750494
1030.000012,-1.749986,-3.000488
1030.000013,-1.749985,-3.250482
1030.000014,-1.749983,-3.500475
1030.000015,-1.749982,-3.750467
1030.000016,-1.749981,-4.000459
1030.000016,-1.749980,-4.250451
1030.000017,-1.749979,-4.500442
1030.000018,-1.749978,-4.750432
1030.000019,-1.749977,-5.000422
1030.000020,-1.749976,-5.250412
1030.000021,-1.749975,-5.500401
1030.000022,-1.749973,-5.750390
1030.000023,-1.749972,-6.000379
1029.999978,-2.000030,5.749611
1029.999979,-2.000029,5.499600
1029.999980,-2.000028,5.249589
1029.999981,-2.000027,4.999579
1029.999982,-2.000025,4.749569
1029.999983,-2.000024,4.499560
1029.999984,-2.000023,4.249551
1029.999984,-2.000021,3.999542
1029.999985,-2.000020,3.749534
1029.999986,-2.000019,3.499527
1029.999987,-2.000018,3.249520
1029.999988,-2.000016,2.999513
1029.999989,-2.000015,2.749507
1029.999990,-2.000014,2.499502
1029.999991,-2.000012,2.249497
1029.999992,-2.000011,1.999492
1029.999993,-2.000010,1.749488
1029.999994,-2.000008,1.499485
1029.999995,-2.000007,1.249482
1029.999996,-2.000005,0.999480
1029.999997,-2.000004,0.749478
1029.999998,-2.000003,0.499476
1029.999999,-2.000001,0.249476
1030.000000,-2.000000,-0.000525
1030.000001,-1.999999,-0.250524
1030.000002,-1.999997,-0.500524
1030.000003,-1.999996,-0.750522
1030.000004,-1.999994,-1.000520
1030.000005,-1.999993,-1.250518
1030.000006,-1.999992,-1.500515
1030.000007,-1.999990,-1.750512
1030.000008,-1.999989,-2.000508
1030.000009,-1.999988,-2.250503
1030.000010,-1.999986,-2.500498
1030.000011,-1.999985,-2.750493
1030.000012,-1.999984,-3.000487
1030.000013,-1.999982,-3.250480
1030.000014,-1.999981,-3.500473
1030.000015,-1.999980,-3.750466
1030.000015,-1.999978,-4.000458
1030.000016,-1.999977,-4.250449
1030.000017,-1.999976,-4.500440
1030.000018,-1.999975,-4.750431
1030.000019,-1.999973,-5.000421
1030.000020,-1.999972,-5.250411
1030.000021,-1.999971,-5.500400
1030.000022,-1.999970,-5.750389
1029.999978,-2.250034,5.749613
1029.999979,-2.250033,5.499601
1029.999980,-2.250031,5.249591
1029.999981,-2.250030,4.999580
1029.999982,-2.250028,4.749571
1029.999983,-2.250027,4.499561
1029.999984,-2.250026,4.249552
1029.999984,-2.250024,3.999544
1029.999985,-2.250023,3.749536
1029.999986,-2.250021,3.499528
1029.999987,-2.250020,3.249521
1029.999988,-2.250018,2.999515
1029.999989,-2.250017,2.749509
1029.999990,-2.250015,2.499503
1029.999991,-2.250014,2.249498
1029.999992,-2.250012,1.999494
1029.999993,-2.250011,1.749490
1029.999994,-2.250009,1.499487
1029.999995,-2.250008,1.249484
1029.999996,-2.250006,0.999481
1029.999997,-2.250005,0.749479
1029.999998,-2.250003,0.499478
1029.999999,-2.250001,0.249477
1030.000000,-2.250000,-0.000523
1030.000001,-2.249998,-0.250523
1030.000002,-2.249997,-0.500522
1030.000003,-2.249995,-0.750521
1030.000004,-2.249994,-1.000519
1030.000005,-2.249992,-1.250516
1030.000006,-2.249991,-1.500514
1030.000007,-2.249989,-1.750510
1030.000008,-2.249988,-2.000506
1030.000009,-2.249986,-2.250502
1030.000010,-2.249985,-2.500497
1030.000011,-2.249983,-2.750491
1030.000012,-2.249982,-3.000485
1030.000013,-2.249980,-3.250479
1030.000014,-2.249979,-3.500472
1030.000015,-2.249977,-3.750464
1030.000015,-2.249976,-4.000456
1030.000016,-2.249974,-4.250448
1030.000017,-2.249973,-4.500439
1030.000018,-2.249971,-4.750430
1030.000019,-2.249970,-5.000420
1030.000020,-2.249969,-5.250409
1030.000021,-2.249967,-5.500399
1030.000022,-2.249966,-5.750388
1029.999979,-2.500036,5.499603
1029.999980,-2.500035,5.249592
1029.999981,-2.500033,4.999582
1029.999982,-2.500032,4.749572
1029.999983,-2.500030,4.499563
1029.999984,-2.500028,4.249554
1029.999984,-2.500027,3.999545
1029.999985,-2.500025,3.749538
1029.999986,-2.500024,3.499530
1029.999987,-2.500022,3.249523
1029.999988,-2.500020,2.999517
1029.999989,-2.500019,2.749511
1029.999990,-2.500017,2.499505
1029.999991,-2.500015,2.249500
1029.999992,-2.500014,1.999496
1029.999993,-2.500012,1.749492
1029.999994,-2.500010,1.499488
1029.999995,-2.500008,1.249485
1029.999996,-2.500007,0.999483
1029.999997,-2.500005,0.749481
1029.999998,-2.500003,0.499480
1029.999999,-2.500002,0.249479
1030.000000,-2.500000,-0.000521
1030.000001,-2.499998,-0.250521
1030.000002,-2.499997,-0.500520
1030.000003,-2.499995,-0.750519
1030.000004,-2.499993,-1.000517
1030.000005,-2.499991,-1.250515
1030.000006,-2.499990,-1.500512
1030.000007,-2.499988,-1.750508
1030.000008,-2.499986,-2.000504
1030.000009,-2.499985,-2.250500
1030.000010,-2.499983,-2.500495
1030.000011,-2.499981,-2.750489
1030.000012,-2.499980,-3.000483
1030.000013,-2.499978,-3.250477
1030.000014,-2.499976,-3.500470
1030.000015,-2.499975,-3.750463
1030.000015,-2.499973,-4.000455
1030.000016,-2.499972,-4.250446
1030.000017,-2.499970,-4.500437
1030.000018,-2.499968,-4.750428
1030.000019,-2.499967,-5.000418
1030.000020,-2.499965,-5.250408
1030.000021,-2.499964,-5.500397
1029.999979,-2.750040,5.499605
1029.999980,-2.750038,5.249594
1029.999981,-2.750036,4.999584
1029.999982,-2.750035,4.749574
1029.999983,-2.750033,4.499565
1029.999984,-2.750031,4.249556
1029.999984,-2.750029,3.999547
1029.999985,-2.750028,3.749539
1029.999986,-2.750026,3.499532
1029.999987,-2.750024,3.249525
1029.999988,-2.750022,2.999518
1029.999989,-2.750020,2.749512
1029.999990,-2.750019,2.499507
1029.999991,-2.750017,2.249502
1029.999992,-2.750015,1.999498
1029.999993,-2.750013,1.749494
1029.999994,-2.750011,1.499490
1029.999995,-2.750009,1.249487
1029.999996,-2.750007,0.999485
1029.999997,-2.750006,0.749483
1029.999998,-2.750004,0.499482
1029.999999,-2.750002,0.249481
1030.000000,-2.750000,-0.000519
1030.000001,-2.749998,-0.250519
1030.000002,-2.749996,-0.500518
1030.000003,-2.749994,-0.750517
1030.000004,-2.749992,-1.000515
1030.000005,-2.749991,-1.250513
1030.000006,-2.749989,-1.500510
1030.000007,-2.749987,-1.750506
1030.000008,-2.749985,-2.000502
1030.000009,-2.749983,-2.250498
1030.000010,-2.749981,-2.500493
1030.000011,-2.749979,-2.750488
1030.000012,-2.749978,-3.000482
1030.000013,-2.749976,-3.250475
1030.000014,-2.749974,-3.500468
1030.000015,-2.749972,-3.750461
1030.000015,-2.749970,-4.000453
1030.000016,-2.749969,-4.250444
1030.000017,-2.749967,-4.500435
1030.000018,-2.749965,-4.750426
1030.000019,-2.749964,-5.000416
1030.000020,-2.749962,-5.250406
1030.000021,-2.749960,-5.500395
1029.999980,-3.000041,5.249596
1029.999981,-3.000040,4.999586
1029.999982,-3.000038,4.749576
1029.999983,-3.000036,4.499567
1029.999984,-3.000034,4.249558
1029.999985,-3.000032,3.999549
1029.999985,-3.000030,3.749541
1029.999986,-3.000028,3.499534
1029.999987,-3.000026,3.249527
1029.999988,-3.000024,2.999521
1029.999989,-3.000022,2.749515
1029.999990,-3.000020,2.499509
1029.999991,-3.000018,2.249504
1029.999992,-3.000016,1.999500
1029.999993,-3.000014,1.749496
1029.999994,-3.000012,1.499492
1029.999995,-3.000010,1.249489
1029.999996,-3.000008,0.999487
1029.999997,-3.000006,0.749485
1029.999998,-3.000004,0.499484
1029.999999,-3.000002,0.249483
1030.000000,-3.000000,-0.000517
1030.000001,-2.999998,-0.250517
1030.000002,-2.999996,-0.500516
1030.000003,-2.999994,-0.750515
1030.000004,-2.999992,-1.000513
1030.000005,-2.999990,-1.250511
1030.000006,-2.999988,-1.500508
1030.000007,-2.999986,-1.750504
1030.000008,-2.999984,-2.000500
1030.000009,-2.999982,-2.250496
1030.000010,-2.999980,-2.500491
1030.000011,-2.999978,-2.750485
1030.000012,-2.999976,-3.000479
1030.000013,-2.999974,-3.250473
1030.000014,-2.999972,-3.500466
1030.000015,-2.999970,-3.750459
1030.000015,-2.999968,-4.000451
1030.000016,-2.999966,-4.250442
1030.000017,-2.999964,-4.500433
1030.000018,-2.999962,-4.750424
1030.000019,-2.999960,-5.000414
1030.000020,-2.999958,-5.250404
1029.999980,-3.250045,5.249598
1029.999981,-3.250043,4.999588
1029.999982,-3.250041,4.749578
1029.999983,-3.250039,4.499569
1029.999984,-3.250037,4.249560
1029.999985,-3.250035,3.999552
1029.999985,-3.250033,3.749544
1029.999986,-3.250030,3.499536
1029.999987,-3.250028,3.249529
1029.999988,-3.250026,2.999523
1029.999989,-3.250024,2.749517
1029.999990,-3.250022,2.499511
1029.999991,-3.250020,2.249506
1029.999992,-3.250018,1.999502
1029.999993,-3.250015,1.749498
1029.999994,-3.250013,1.499495
1029.999995,-3.250011,1.249492
1029.999996,-3.250009,0.999489
1029.999997,-3.250007,0.749488
1029.999998,-3.250004,0.499486
1029.999999,-3.250002,0.249485
1030.000000,-3.250000,-0.000515
1030.000001,-3.249998,-0.250515
1030.000002,-3.249995,-0.500514
1030.000003,-3.249993,-0.750512
1030.000004,-3.249991,-1.000511
1030.000005,-3.249989,-1.250508
1030.000006,-3.249987,-1.500505
1030.000007,-3.249984,-1.750502
1030.000008,-3.249982,-2.000498
1030.000009,-3.249980,-2.250494
1030.000010,-3.249978,-2.500489
1030.000011,-3.249976,-2.750483
1030.000012,-3.249974,-3.000477
1030.000013,-3.249972,-3.250471
1030.000014,-3.249969,-3.500464
1030.000014,-3.249967,-3.750456
1030.000015,-3.249965,-4.000449
1030.000016,-3.249963,-4.250440
1030.000017,-3.249961,-4.500431
1030.000018,-3.249959,-4.750422
1030.000019,-3.249957,-5.000412
1030.000020,-3.249955,-5.250402
1029.999981,-3.500046,4.999590
1029.999982,-3.500044,4.749580
1029.999983,-3.500042,4.499571
1029.999984,-3.500039,4.249562
1029.999985,-3.500037,3.999554
1029.999985,-3.500035,3.749546
1029.999986,-3.500033,3.499539
1029.999987,-3.500030,3.249532
1029.999988,-3.500028,2.999525
1029.999989,-3.500026,2.749519
1029.999990,-3.500024,2.499514
1029.999991,-3.500021,2.249509
1029.999992,-3.500019,1.999504
1029.999993,-3.500017,1.749501
1029.999994,-3.500014,1.499497
1029.999995,-3.500012,1.249494
1029.999996,-3.500009,0.999492
1029.999997,-3.500007,0.749490
1029.999998,-3.500005,0.499489
1029.999999,-3.500002,0.249488
1030.000000,-3.500000,-0.000512
1030.000001,-3.499998,-0.250512
1030.000002,-3.499995,-0.500511
1030.000003,-3.499993,-0.750510
1030.000004,-3.499990,-1.000508
1030.000005,-3.499988,-1.250506
1030.000006,-3.499986,-1.500503
1030.000007,-3.499983,-1.750499
1030.000008,-3.499981,-2.000496
1030.000009,-3.499979,-2.250491
1030.000010,-3.499976,-2.500486
1030.000011,-3.499974,-2.750481
1030.000012,-3.499972,-3.000475
1030.000013,-3.499969,-3.250468
1030.000014,-3.499967,-3.500461
1030.000014,-3.499965,-3.750454
1030.000015,-3.499963,-4.000446
1030.000016,-3.499960,-4.250438
1030.000017,-3.499958,-4.500429
1030.000018,-3.499956,-4.750420
1030.000019,-3.499954,-5.000410
1029.999981,-3.750049,4.999593
1029.999982,-3.750047,4.749583
1029.999983,-3.750044,4.499574
1029.999984,-3.750042,4.249565
1029.999985,-3.750040,3.999556
1029.999985,-3.750037,3.749549
1029.999986,-3.750035,3.499541
1029.999987,-3.750033,3.249534
1029.999988,-3.750030,2.999528
1029.999989,-3.750028,2.749522
1029.999990,-3.750025,2.499516
1029.999991,-3.750023,2.249512
1029.999992,-3.750020,1.999507
1029.999993,-3.750018,1.749503
1029.999994,-3.750015,1.499500
1029.999995,-3.750013,1.249497
1029.999996,-3.750010,0.999495
1029.999997,-3.750008,0.749493
1029.999998,-3.750005,0.499491
1029.999999,-3.750002,0.249491
1030.000000,-3.750000,-0.000510
1030.000001,-3.749997,-0.250509
1030.000002,-3.749995,-0.500509
1030.000003,-3.749992,-0.750507
1030.000004,-3.749990,-1.000505
1030.000005,-3.749987,-1.250503
1030.000006,-3.749985,-1.500500
1030.000007,-3.749982,-1.750497
1030.000008,-3.749980,-2.000493
1030.000009,-3.749977,-2.250488
1030.000010,-3.749975,-2.500484
1030.000011,-3.749972,-2.750478
1030.000012,-3.749970,-3.000472
1030.000013,-3.749967,-3.250466
1030.000014,-3.749965,-3.500459
1030.000014,-3.749962,-3.750451
1030.000015,-3.749960,-4.000444
1030.000016,-3.749958,-4.250435
1030.000017,-3.749955,-4.500426
1030.000018,-3.749953,-4.750417
1030.000019,-3.749951,-5.000407
1029.999982,-4.000050,4.749586
1029.999983,-4.000047,4.499576
1029.999984,-4.000045,4.249567
1029.999985,-4.000042,3.999559
1029.999986,-4.000040,3.749551
1029.999986,-4.000037,3.499544
1029.999987,-4.000035,3.249537
1029.999988,-4.000032,2.999531
1029.999989,-4.000029,2.749525
1029.999990,-4.000027,2.499519
1029.999991,-4.000024,2.249514
1029.999992,-4.000021,1.999510
1029.999993,-4.000019,1.749506
1029.999994,-4.000016,1.499503
1029.999995,-4.000013,1.249500
1029.999996,-4.000011,0.999497
1029.999997,-4.000008,0.749496
1029.999998,-4.000005,0.499494
1029.999999,-4.000003,0.249494
1030.000000,-4.000000,-0.000507
1030.000001,-3.999997,-0.250506
1030.000002,-3.999994,-0.500506
1030.000003,-3.999992,-0.750504
1030.000004,-3.999989,-1.000503
1030.000005,-3.999986,-1.250500
1030.000006,-3.999984,-1.500497
1030.000007,-3.999981,-1.750494
1030.000008,-3.999978,-2.000490
1030.000009,-3.999976,-2.250486
1030.000010,-3.999973,-2.500481
1030.000011,-3.999970,-2.750475
1030.000012,-3.999968,-3.000469
1030.000013,-3.999965,-3.250463
1030.000013,-3.999963,-3.500456
1030.000014,-3.999960,-3.750449
1030.000015,-3.999958,-4.000441
1030.000016,-3.999955,-4.250433
1030.000017,-3.999953,-4.500424
1030.000018,-3.999950,-4.750415
1029.999983,-4.250050,4.499579
1029.999984,-4.250047,4.249570
1029.999985,-4.250045,3.999562
1029.999986,-4.250042,3.749554
1029.999986,-4.250039,3.499547
1029.999987,-4.250037,3.249540
1029.999988,-4.250034,2.999534
1029.999989,-4.250031,2.749528
1029.999990,-4.250028,2.499522
1029.999991,-4.250026,2.249517
1029.999992,-4.250023,1.999513
1029.999993,-4.250020,1.749509
1029.999994,-4.250017,1.499506
1029.999995,-4.250014,1.249503
1029.999996,-4.250011,0.999501
1029.999997,-4.250008,0.749499
1029.999998,-4.250006,0.499497
1029.999999,-4.250003,0.249497
1030.000000,-4.250000,-0.000504
1030.000001,-4.249997,-0.250503
1030.000002,-4.249994,-0.500503
1030.000003,-4.249991,-0.750501
1030.000004,-4.249988,-1.000499
1030.000005,-4.249986,-1.250497
1030.000006,-4.249983,-1.500494
1030.000007,-4.249980,-1.750491
1030.000008,-4.249977,-2.000487
1030.000009,-4.249974,-2.250483
1030.000010,-4.249971,-2.500478
1030.000011,-4.249969,-2.750472
1030.000012,-4.249966,-3.000466
1030.000013,-4.249963,-3.250460
1030.000013,-4.249960,-3.500453
1030.000014,-4.249958,-3.750446
1030.000015,-4.249955,-4.000438
1030.000016,-4.249952,-4.250430
1030.000017,-4.249950,-4.500421
1029.999984,-4.500050,4.249573
1029.999985,-4.500047,3.999565
1029.999986,-4.500044,3.749557
1029.999986,-4.500042,3.499550
1029.999987,-4.500039,3.249543
1029.999988,-4.500036,2.999537
1029.999989,-4.500033,2.749531
1029.999990,-4.500030,2.499525
1029.999991,-4.500027,2.249521
1029.999992,-4.500024,1.999516
1029.999993,-4.500021,1.749512
1029.999994,-4.500018,1.499509
1029.999995,-4.500015,1.249506
1029.999996,-4.500012,0.999504
1029.999997,-4.500009,0.749502
1029.999998,-4.500006,0.499501
1029.999999,-4.500003,0.249500
1030.000000,-4.500000,-0.000500
1030.000001,-4.499997,-0.250500
1030.000002,-4.499994,-0.500499
1030.000003,-4.499991,-0.750498
1030.000004,-4.499988,-1.000496
1030.000005,-4.499985,-1.250494
1030.000006,-4.499982,-1.500491
1030.000007,-4.499979,-1.750488
1030.000008,-4.499976,-2.000484
1030.000009,-4.499973,-2.250479
1030.000010,-4.499970,-2.500475
1030.000011,-4.499967,-2.750469
1030.000012,-4.499964,-3.000463
1030.000013,-4.499961,-3.250457
1030.000013,-4.499958,-3.500450
1030.000014,-4.499955,-3.750443
1030.000015,-4.499952,-4.000435
1030.000016,-4.499950,-4.250427
1029.999985,-4.750050,3.999568
1029.999986,-4.750047,3.749561
1029.999987,-4.750044,3.499553
1029.999987,-4.750041,3.249546
1029.999988,-4.750038,2.999540
1029.999989,-4.750035,2.749534
1029.999990,-4.750031,2.499529
1029.999991,-4.750028,2.249524
1029.999992,-4.750025,1.999520
1029.999993,-4.750022,1.749516
1029.999994,-4.750019,1.499512
1029.999995,-4.750016,1.249509
1029.999996,-4.750013,0.999507
1029.999997,-4.750009,0.749505
1029.999998,-4.750006,0.499504
1029.999999,-4.750003,0.249503
1030.000000,-4.750000,-0.000497
1030.000001,-4.749997,-0.250497
1030.000002,-4.749994,-0.500496
1030.000003,-4.749990,-0.750495
1030.000004,-4.749987,-1.000493
1030.000005,-4.749984,-1.250491
1030.000006,-4.749981,-1.500488
1030.000007,-4.749978,-1.750484
1030.000008,-4.749975,-2.000480
1030.000009,-4.749971,-2.250476
1030.000010,-4.749968,-2.500471
1030.000011,-4.749965,-2.750466
1030.000012,-4.749962,-3.000460
1030.000012,-4.749959,-3.250454
1030.000013,-4.749956,-3.500447
1030.000014,-4.749953,-3.750440
1030.000015,-4.749950,-4.000432
1029.999986,-5.000049,3.749564
1029.999987,-5.000046,3.499557
1029.999987,-5.000043,3.249550
1029.999988,-5.000040,2.999543
1029.999989,-5.000036,2.749538
1029.999990,-5.000033,2.499532
1029.999991,-5.000030,2.249527
1029.999992,-5.000026,1.999523
1029.999993,-5.000023,1.749519
1029.999994,-5.000020,1.499516
1029.999995,-5.000017,1.249513
1029.999996,-5.000013,0.999511
1029.999997,-5.000010,0.749509
1029.999998,-5.000007,0.499508
1029.999999,-5.000003,0.249507
1030.000000,-5.000000,-0.000493
1030.000001,-4.999997,-0.250493
1030.000002,-4.999993,-0.500492
1030.000003,-4.999990,-0.750491
1030.000004,-4.999987,-1.000489
1030.000005,-4.999983,-1.250487
1030.000006,-4.999980,-1.500484
1030.000007,-4.999977,-1.750481
1030.000008,-4.999973,-2.000477
1030.000009,-4.999970,-2.250473
1030.000010,-4.999967,-2.500468
1030.000011,-4.999964,-2.750462
1030.000012,-4.999960,-3.000457
1030.000012,-4.999957,-3.250450
1030.000013,-4.999954,-3.500443
1030.000014,-4.999951,-3.750436
1029.999987,-5.250045,3.249553
1029.999988,-5.250041,2.999547
1029.999989,-5.250038,2.749541
1029.999990,-5.250035,2.499536
1029.999991,-5.250031,2.249531
1029.999992,-5.250028,1.999527
1029.999993,-5.250024,1.749523
1029.999994,-5.250021,1.499520
1029.999995,-5.250017,1.249517
1029.999996,-5.250014,0.999514
1029.999997,-5.250010,0.749513
1029.999998,-5.250007,0.499511
1029.999999,-5.250003,0.249511
1030.000000,-5.250000,-0.000490
1030.000001,-5.249996,-0.250489
1030.000002,-5.249993,-0.500489
1030.000003,-5.249989,-0.750487
1030.000004,-5.249986,-1.000486
1030.000005,-5.249982,-1.250483
1030.000006,-5.249979,-1.500480
1030.000007,-5.249976,-1.750477
1030.000008,-5.249972,-2.000473
1030.000009,-5.249969,-2.250469
1030.000010,-5.249965,-2.500464
1030.000011,-5.249962,-2.750459
1030.000012,-5.249958,-3.000453
1030.000012,-5.249955,-3.250447
1029.999989,-5.500040,2.749545
1029.999990,-5.500036,2.499540
1029.999991,-5.500033,2.249535
1029.999992,-5.500029,1.999531
1029.999993,-5.500025,1.749527
1029.999994,-5.500022,1.499523
1029.999995,-5.500018,1.249521
1029.999996,-5.500014,0.999518
1029.999997,-5.500011,0.749517
1029.999998,-5.500007,0.499515
1029.999999,-5.500004,0.249514
1030.000000,-5.500000,-0.000486
1030.000001,-5.499996,-0.250486
1030.000002,-5.499993,-0.500485
1030.000003,-5.499989,-0.750483
1030.000004,-5.499985,-1.000482
1030.000005,-5.499982,-1.250479
1030.000006,-5.499978,-1.500477
1030.000007,-5.499974,-1.750473
1030.000008,-5.499971,-2.000469
1030.000009,-5.499967,-2.250465
1030.000010,-5.499964,-2.500460
1030.000011,-5.499960,-2.750455
1029.999991,-5.750034,2.249539
1029.999992,-5.750030,1.999535
1029.999993,-5.750026,1.749531
1029.999994,-5.750023,1.499528
1029.999995,-5.750019,1.249525
1029.999996,-5.750015,0.999522
1029.999997,-5.750011,0.749521
1029.999998,-5.750007,0.499519
1029.999999,-5.750004,0.249519
1030.000000,-5.750000,-0.000482
1030.000001,-5.749996,-0.250481
1030.000002,-5.749992,-0.500481
1030.000003,-5.749988,-0.750479
1030.000004,-5.749985,-1.000478
1030.000005,-5.749981,-1.250475
1030.000006,-5.749977,-1.500473
1030.000007,-5.749973,-1.750469
1030.000008,-5.749970,-2.000465
1030.000009,-5.749966,-2.250461
1029.999993,-6.000027,1.749535
1029.999994,-6.000024,1.499532
1029.999995,-6.000020,1.249529
1029.999996,-6.000016,0.999527
1029.999997,-6.000012,0.749525
1029.999998,-6.000008,0.499524
1029.999999,-6.000004,0.249523
1030.000000,-6.000000,-0.000477
1030.000001,-5.999996,-0.250477
1030.000002,-5.999992,-0.500476
1030.000003,-5.999988,-0.750475
1030.000004,-5.999984,-1.000473
1030.000005,-5.999980,-1.250471
1030.000006,-5.999976,-1.500468
1030.000007,-5.999972,-1.750465
== 2
1030.000000,-6.250000,-0.000473
